300
0 10
0 242
0 27
0 62
0 133
0 12
0 163
0 89
0 176
1 177
1 255
1 211
2 198
2 41
2 108
2 168
2 127
2 100
2 261
2 177
2 189
2 193
2 46
2 49
2 278
2 130
2 275
2 181
2 180
2 52
2 259
2 168
2 286
2 262
2 288
2 9
2 129
3 8
3 157
3 298
3 184
3 200
4 24
4 12
4 38
5 208
5 126
5 280
5 0
5 103
5 113
5 271
5 226
5 165
5 204
5 20
5 66
5 211
5 191
5 213
5 110
5 102
5 175
5 19
5 201
5 91
5 24
6 68
6 107
6 162
6 0
6 90
6 283
6 200
6 27
6 254
6 214
6 222
6 72
6 231
6 232
6 136
6 104
6 156
6 27
6 78
6 174
6 186
6 137
6 151
6 92
6 263
7 197
7 109
7 223
7 284
7 48
7 256
7 88
7 295
7 188
7 240
7 199
7 76
7 257
7 69
7 115
7 149
7 298
7 296
7 288
7 185
7 77
7 101
7 79
7 221
8 211
8 10
8 137
8 223
8 61
8 32
8 234
8 21
8 291
9 209
9 279
9 162
9 286
9 42
9 246
9 25
9 7
9 83
9 247
9 117
9 152
9 69
9 270
9 67
9 124
9 206
9 32
9 273
9 266
9 42
9 164
10 257
10 280
10 183
10 53
10 1
10 190
10 123
10 158
10 285
10 136
10 249
10 127
10 283
10 104
10 30
11 174
11 0
11 89
11 287
11 117
11 89
11 172
11 229
11 34
11 289
11 88
11 187
11 228
11 174
11 260
11 59
11 17
11 26
11 31
11 151
12 198
12 181
13 120
13 224
13 25
13 297
14 198
14 168
14 88
14 278
14 240
14 256
14 132
14 72
14 194
14 290
15 21
15 112
15 283
15 23
15 259
16 40
16 78
16 192
17 241
17 27
17 55
17 24
17 179
17 50
17 76
17 168
17 149
17 173
17 15
17 152
17 51
18 221
18 298
18 129
18 287
18 271
18 256
18 36
19 35
19 115
19 278
19 78
19 195
19 277
19 171
19 7
19 54
19 168
19 265
19 201
19 25
19 221
19 76
20 36
20 136
20 297
20 97
20 273
20 26
20 288
20 78
20 246
20 4
20 260
20 15
20 25
20 105
20 116
20 136
20 63
20 84
21 25
21 145
21 18
21 96
21 77
21 126
21 125
21 122
21 226
21 256
21 13
21 82
21 40
21 122
21 74
21 45
21 52
21 54
21 99
21 264
21 240
21 148
21 62
21 183
21 238
21 1
22 34
22 190
22 95
22 295
22 234
22 88
22 130
22 179
22 246
22 263
22 233
22 25
22 296
22 28
22 95
23 48
23 296
23 21
23 21
23 226
23 118
23 252
23 1
23 36
23 180
23 221
23 142
23 220
23 257
23 114
23 169
23 99
23 43
23 255
23 19
23 0
23 57
23 277
23 239
23 181
23 286
23 19
24 144
24 188
24 179
24 273
24 220
24 223
24 290
24 100
25 290
25 161
25 150
25 147
25 143
25 142
26 93
26 276
26 187
26 246
26 233
26 187
26 67
26 144
26 43
27 74
27 32
27 209
27 46
27 95
27 153
27 236
27 214
27 256
27 222
27 245
27 207
27 125
27 204
27 61
27 251
27 268
27 126
27 299
27 196
27 145
27 263
27 166
27 99
27 59
28 86
28 54
28 10
28 256
28 148
28 151
28 259
29 244
29 123
29 143
29 208
29 272
29 268
29 237
29 202
29 77
29 159
29 154
29 232
29 232
29 156
29 84
29 296
29 188
29 273
30 192
30 178
30 126
30 127
30 99
30 104
30 24
30 87
30 106
30 49
30 215
30 47
30 290
30 92
30 289
30 248
30 112
30 133
30 196
30 239
31 199
31 262
31 158
31 113
31 224
31 141
31 224
31 210
31 164
31 220
31 261
31 112
31 249
31 77
31 230
31 292
31 127
31 52
31 134
31 144
31 19
31 60
31 44
31 255
31 266
31 3
32 172
32 45
32 89
32 262
32 38
32 49
32 41
33 195
33 293
33 197
33 169
33 275
33 298
33 94
33 276
33 240
33 179
33 114
33 238
33 65
33 18
33 273
33 256
34 158
34 271
34 261
34 223
34 19
34 100
34 187
34 42
34 171
34 136
34 213
34 220
34 218
34 289
34 35
34 13
34 111
34 254
34 104
34 209
34 108
35 195
35 270
35 139
36 150
36 146
36 61
36 210
36 55
36 183
36 295
36 98
36 224
36 101
36 52
36 273
36 228
36 237
36 67
36 282
36 299
36 108
36 271
36 99
36 32
36 203
36 69
36 80
36 111
36 80
37 190
37 284
37 188
37 236
37 201
37 292
37 47
37 32
37 285
37 127
37 69
37 252
37 67
37 51
37 125
38 111
38 151
38 245
38 93
38 73
38 91
38 157
38 54
38 260
38 183
38 248
38 288
38 249
38 266
38 1
38 87
38 3
38 225
38 299
38 185
38 25
38 56
38 186
38 128
38 267
38 221
39 183
39 24
39 298
39 146
39 94
39 181
39 242
39 188
40 6
40 206
41 0
41 283
41 206
41 56
41 121
41 101
41 34
41 30
41 44
41 219
41 90
41 11
41 214
41 281
41 56
41 217
41 134
41 46
42 106
42 49
42 87
42 168
42 115
42 159
43 297
43 247
43 214
43 142
43 116
43 173
43 193
43 162
43 244
43 61
43 268
43 228
43 30
43 35
43 150
43 14
43 47
43 129
44 89
44 268
44 156
44 82
44 26
44 273
44 113
44 1
44 161
44 241
44 174
44 32
44 7
44 256
44 156
44 187
45 204
45 143
45 4
45 154
45 12
45 178
45 43
45 141
45 146
45 258
45 18
45 222
45 164
45 177
45 266
45 232
45 169
45 171
45 232
45 278
45 73
45 207
45 252
46 99
46 230
46 201
46 39
46 111
46 120
46 298
46 247
46 120
46 180
46 204
46 255
46 89
46 105
46 167
47 97
47 153
47 91
47 41
47 2
47 31
47 193
47 65
47 215
47 250
47 80
47 183
47 236
47 290
47 132
47 172
47 121
47 95
47 263
47 45
47 167
47 218
47 153
47 77
47 41
47 208
47 115
48 177
48 56
48 113
48 57
48 57
49 161
49 107
49 224
49 265
49 170
49 234
49 125
50 49
50 72
50 282
50 194
50 127
50 295
50 249
50 180
50 113
50 262
50 77
50 4
50 114
50 22
50 117
50 162
50 284
50 14
50 124
50 264
50 18
51 113
51 249
51 113
51 234
51 130
51 222
51 194
51 8
51 33
51 93
51 154
51 44
51 74
51 156
51 152
51 111
51 137
51 220
51 128
51 173
51 298
51 129
51 18
51 278
51 102
51 174
51 220
52 91
52 24
52 200
52 148
52 214
52 200
52 206
52 202
52 196
52 266
52 39
53 241
53 164
53 259
53 235
53 285
53 299
53 298
53 45
53 218
53 4
53 166
53 181
53 7
53 207
53 143
53 217
53 200
53 18
53 291
53 76
53 196
53 230
53 286
53 234
53 184
53 251
53 206
54 8
54 204
54 217
54 248
54 264
54 5
54 236
54 91
54 46
54 107
54 188
54 63
54 248
54 186
54 295
54 222
54 292
54 128
54 263
54 168
54 39
54 227
55 103
55 229
55 175
55 213
55 292
55 163
56 209
56 54
56 287
56 283
56 260
56 134
56 61
56 277
57 161
57 5
57 190
57 180
57 264
57 54
57 97
58 15
58 180
58 196
58 217
58 55
58 8
59 76
59 2
59 233
59 95
59 121
59 69
59 136
59 178
60 3
60 253
60 151
60 155
60 216
60 5
60 34
60 275
60 111
60 282
61 206
61 118
61 256
61 135
61 89
61 265
61 163
61 113
61 5
61 281
61 101
61 281
61 201
61 159
61 40
61 234
61 197
61 65
61 112
62 203
62 11
62 11
62 58
62 269
62 20
62 48
62 60
62 67
62 118
62 246
62 291
62 75
62 247
62 253
62 222
62 110
62 225
62 35
62 264
62 247
62 29
62 297
62 245
62 286
62 57
62 155
63 203
63 55
63 151
63 245
63 16
63 255
64 233
64 142
64 197
64 121
64 289
64 195
64 225
64 34
64 162
65 231
65 141
65 81
65 188
65 165
65 206
66 68
66 67
66 282
66 215
66 163
66 249
66 86
66 154
66 69
66 90
66 239
66 105
66 54
66 165
66 141
66 52
66 55
66 111
66 125
66 114
66 282
67 117
67 252
67 119
67 127
67 130
67 264
67 173
67 116
67 209
67 282
67 85
67 54
67 280
67 259
67 217
67 256
67 161
67 209
67 267
67 60
67 164
67 237
67 22
68 236
68 273
68 124
68 181
68 277
68 7
68 241
68 293
68 213
68 154
68 204
68 281
68 225
68 42
68 0
68 80
68 256
68 165
68 116
69 216
69 167
69 130
69 114
69 16
69 292
69 205
69 139
70 227
70 263
70 145
70 272
70 298
70 49
70 169
70 180
70 157
70 205
70 167
70 220
70 19
70 222
70 150
70 223
70 69
70 213
70 206
70 129
70 57
70 106
70 128
70 51
70 198
71 62
71 270
71 236
71 191
71 119
71 96
71 17
71 192
71 285
71 15
71 196
71 45
71 208
71 277
71 182
71 277
71 162
71 212
71 63
71 296
71 226
71 229
71 273
71 282
71 48
71 91
72 295
72 188
72 126
72 257
72 289
72 57
72 155
72 43
72 223
72 84
72 251
72 73
72 134
72 94
72 240
72 261
72 158
72 141
72 168
72 53
72 129
72 74
72 221
72 241
72 210
72 252
72 46
73 22
73 28
73 110
73 90
73 285
74 296
74 200
74 87
74 119
74 65
74 139
74 287
75 103
75 212
76 252
76 206
76 104
76 109
77 10
77 172
77 42
77 214
77 162
77 152
77 289
77 174
77 132
77 15
77 127
77 264
77 98
77 114
77 158
77 95
77 156
77 20
77 33
78 259
78 148
78 156
78 252
78 90
78 233
78 262
78 252
78 258
78 84
78 81
78 233
78 22
78 90
78 141
78 138
78 134
78 43
78 199
78 83
79 196
79 298
79 91
79 276
79 152
79 93
79 278
79 70
79 272
79 189
79 284
79 225
79 223
79 243
79 192
79 174
79 57
79 120
79 270
80 240
80 206
80 249
80 58
80 210
80 99
80 245
80 213
80 274
80 280
80 240
80 266
80 0
80 122
80 27
80 24
80 285
81 85
81 134
81 139
81 182
81 165
81 35
81 84
81 196
81 238
81 138
81 211
81 240
81 197
81 75
81 143
81 10
81 134
81 284
81 85
81 284
81 240
81 213
82 59
82 149
82 31
82 237
82 282
82 89
82 136
82 30
82 291
82 79
82 123
82 34
83 251
83 85
83 99
83 18
83 42
83 184
83 237
83 23
83 159
83 96
83 8
83 280
83 251
83 275
84 223
84 299
84 215
84 221
84 132
84 32
84 174
84 223
84 14
84 75
84 215
84 61
84 150
84 163
84 90
84 6
85 193
85 208
85 248
85 250
85 110
85 195
85 225
85 198
85 143
85 133
85 91
85 169
85 35
85 58
85 258
85 149
85 171
85 114
85 298
85 75
85 227
85 264
85 258
85 126
86 286
86 256
86 42
86 229
86 174
86 92
86 48
86 7
86 33
86 18
86 111
86 260
86 84
86 213
86 15
86 211
86 189
86 0
86 213
86 282
86 140
86 278
86 126
87 127
87 277
87 282
87 216
87 152
87 73
87 142
87 283
87 147
87 120
87 142
87 194
87 43
87 44
87 198
87 96
87 34
87 170
87 66
88 295
88 12
88 70
88 257
88 250
88 15
88 188
88 246
88 0
88 199
88 44
88 256
88 43
88 96
88 162
88 115
89 9
89 106
89 163
89 33
89 255
89 92
89 52
89 157
90 291
90 212
90 209
90 197
90 164
90 22
90 221
90 34
90 131
90 124
90 20
90 165
90 115
90 201
90 4
90 215
90 11
90 151
90 257
90 149
90 5
90 169
90 168
91 210
91 219
91 131
91 55
91 155
91 270
91 17
91 139
91 19
91 197
91 217
91 14
91 216
91 106
91 276
91 297
91 181
91 149
91 74
92 22
92 156
92 246
92 186
92 228
92 135
92 192
92 60
92 250
92 15
92 142
92 5
92 154
92 230
92 144
93 117
93 254
93 112
93 190
93 191
93 118
93 289
93 280
93 147
93 3
93 252
93 56
93 228
93 210
93 234
93 289
93 16
93 109
94 121
94 288
94 108
94 250
94 10
94 160
94 231
94 120
94 166
94 86
94 19
94 36
94 42
94 247
94 24
94 196
94 79
95 137
95 67
95 139
95 169
95 217
95 192
95 218
95 26
95 115
96 203
96 277
96 194
96 279
96 158
96 102
96 194
96 26
96 33
96 218
96 202
96 243
96 289
96 166
96 230
96 80
96 2
96 263
96 179
96 246
96 226
96 262
96 29
96 209
96 12
97 191
97 244
97 280
97 52
97 93
97 286
97 109
97 149
97 43
97 63
97 161
97 296
98 273
98 147
98 279
98 276
98 63
98 115
98 140
98 274
98 4
99 252
99 33
99 218
99 149
99 262
99 116
99 157
99 243
99 236
99 296
99 213
99 114
99 66
99 243
99 239
99 133
99 191
99 97
99 18
99 114
99 290
99 70
100 18
100 127
100 103
100 289
100 253
100 147
100 102
100 31
100 193
100 186
100 206
100 132
100 288
100 146
100 299
100 14
100 79
100 180
100 237
100 26
101 30
101 185
101 73
101 288
101 140
102 216
102 267
103 157
103 94
103 108
103 28
103 56
103 163
103 141
103 215
103 84
103 167
103 60
103 158
103 269
103 157
103 298
103 29
103 147
103 29
103 245
103 242
103 264
103 42
103 175
104 75
104 229
104 75
104 115
104 224
104 290
104 20
104 64
104 280
104 145
104 284
104 97
104 260
104 184
104 198
104 50
105 13
105 233
106 94
106 280
106 20
106 139
106 288
106 219
106 239
106 28
106 58
106 153
106 32
107 183
107 92
107 214
107 175
107 195
107 59
107 13
107 116
107 189
107 144
108 142
108 214
108 282
108 15
108 175
108 237
108 199
108 161
108 112
108 174
108 192
108 234
108 217
108 60
108 243
108 24
108 5
109 136
109 257
109 115
109 188
109 296
109 274
109 131
109 156
109 254
109 181
109 124
109 190
109 29
110 25
110 179
110 137
110 75
110 269
110 203
111 186
111 205
112 187
112 230
112 255
112 256
112 282
112 64
112 143
112 201
112 24
112 33
112 197
112 84
112 268
112 89
112 197
113 70
113 213
113 28
113 11
113 217
113 228
113 142
113 286
113 94
113 97
113 204
113 197
113 170
113 143
113 12
113 130
113 1
113 256
113 46
113 151
113 137
114 169
114 68
114 144
114 81
114 206
114 70
114 172
114 78
114 156
114 141
114 55
114 0
114 160
114 232
115 143
115 159
115 192
115 191
115 254
115 14
115 158
115 227
115 184
115 45
115 125
115 195
115 17
115 17
115 24
115 287
115 140
115 214
115 123
115 278
116 13
116 162
116 173
116 226
116 235
116 202
116 134
116 161
116 108
116 224
116 234
116 102
116 277
116 66
116 145
116 85
116 254
116 173
116 265
116 98
116 87
116 106
116 208
116 218
117 151
117 167
117 89
117 59
117 191
117 262
117 282
117 235
117 147
117 28
117 218
117 125
117 238
117 153
117 142
117 295
117 292
117 255
117 33
117 15
117 74
117 75
118 148
118 56
118 98
118 105
118 127
118 283
118 271
118 48
118 3
118 267
118 10
118 139
118 296
118 124
119 267
119 14
119 271
119 66
119 232
119 286
119 234
119 42
119 187
119 32
119 293
119 271
120 43
120 64
120 194
120 140
120 177
120 1
120 19
120 30
120 226
120 198
120 0
120 218
120 201
121 144
121 137
121 161
121 151
121 18
122 276
122 71
122 3
122 239
122 190
122 175
122 34
122 42
122 188
122 19
122 141
122 75
122 127
122 13
122 9
122 74
122 278
123 235
123 55
123 248
123 203
123 19
123 85
123 275
123 269
123 224
123 133
123 20
123 245
123 292
123 160
123 240
123 88
123 41
123 211
123 211
123 257
123 138
123 256
123 204
124 131
124 161
124 195
124 130
124 159
124 251
124 156
124 189
124 144
124 219
124 58
124 93
124 159
124 23
124 103
124 208
124 286
125 48
125 210
125 200
125 188
125 156
125 163
125 211
125 134
125 170
125 140
125 13
125 41
125 19
125 196
125 129
125 43
125 173
125 63
125 177
125 149
125 205
126 281
126 219
126 42
126 137
126 156
126 257
126 204
126 298
126 108
127 93
127 191
127 223
127 16
127 93
127 111
127 20
127 202
127 169
127 268
128 91
128 183
128 266
128 39
128 144
128 5
128 101
128 49
128 297
128 126
128 171
128 46
128 256
129 277
129 227
129 30
129 81
129 289
129 248
129 19
129 133
129 25
129 153
129 227
129 111
130 138
130 174
130 76
130 133
130 202
130 53
130 265
130 97
130 50
130 250
130 255
130 12
130 298
131 141
131 190
131 19
131 180
131 186
131 181
131 83
131 128
131 206
131 212
131 166
131 154
131 275
131 160
132 3
132 279
132 238
132 61
132 299
132 296
132 231
132 252
132 229
132 271
132 66
132 87
132 279
132 233
132 45
132 227
132 261
132 223
132 296
132 111
132 203
132 172
132 56
132 130
132 190
133 181
133 111
133 269
133 266
134 282
134 270
134 248
134 295
134 14
134 206
134 170
134 130
134 26
134 114
134 145
135 236
135 286
135 273
135 229
135 188
135 111
135 195
135 9
135 200
135 64
135 147
135 60
135 249
135 29
135 38
135 25
135 10
135 234
135 48
135 82
136 183
136 258
136 133
136 271
136 269
137 273
137 220
137 102
138 217
138 24
138 52
138 16
138 126
138 160
138 152
138 241
138 214
138 140
138 114
138 124
138 241
138 277
138 20
138 202
138 165
138 120
138 158
138 272
138 89
138 278
138 258
138 213
138 186
138 76
139 242
139 180
139 288
139 218
139 225
140 144
140 151
140 48
140 103
140 114
140 83
140 60
140 156
140 299
140 231
140 32
140 135
140 46
140 183
140 92
140 0
140 226
140 123
140 56
140 193
140 287
140 129
140 112
141 10
141 20
141 109
141 211
141 40
141 87
141 82
141 191
141 125
141 38
141 277
141 274
141 59
141 161
141 201
141 149
142 164
142 8
142 269
142 100
142 221
142 204
142 280
142 269
142 150
142 98
142 201
142 76
142 118
142 147
142 48
143 139
143 15
143 11
143 144
143 152
144 77
144 57
144 234
144 183
144 235
144 284
144 266
144 95
144 112
144 259
144 106
144 225
144 278
144 265
144 211
144 80
144 209
144 222
144 247
145 236
145 109
145 64
145 195
145 164
145 49
145 298
145 66
146 277
146 137
146 175
146 129
146 249
146 186
146 233
146 154
146 184
146 91
146 266
146 193
146 276
146 29
146 181
146 227
147 281
147 29
147 230
147 105
147 41
147 195
147 210
147 124
147 113
147 192
147 66
147 69
147 55
147 279
147 232
147 273
147 177
147 240
147 256
147 286
147 9
148 60
148 226
148 196
148 176
148 227
148 191
148 30
148 229
148 228
148 282
148 209
148 187
148 258
148 65
148 208
148 298
148 150
148 291
148 267
148 230
148 14
148 44
148 109
148 168
148 156
149 93
149 287
149 264
149 162
149 164
149 100
149 205
149 69
149 9
149 243
149 242
149 128
149 298
149 50
149 260
149 197
149 266
149 40
149 48
149 57
150 123
150 15
150 204
150 60
150 11
150 118
151 255
151 13
151 246
151 76
151 295
151 56
151 229
151 94
151 239
151 59
151 158
151 235
151 110
151 289
151 158
151 273
151 205
151 32
151 1
152 126
152 289
152 187
152 137
152 157
152 35
152 255
152 211
152 291
152 167
152 225
152 137
152 12
153 192
153 43
153 109
153 59
153 263
153 175
154 48
154 235
154 13
154 112
154 197
154 2
154 78
154 250
154 264
154 233
155 50
155 98
155 225
155 214
155 253
155 261
155 216
156 131
156 219
156 83
156 214
156 263
156 25
156 13
156 133
156 241
157 172
157 29
157 238
157 244
157 287
157 74
157 284
157 229
158 199
158 104
158 181
158 134
158 297
158 202
158 102
158 187
158 93
158 127
158 187
158 228
158 192
158 230
158 231
158 30
159 238
159 175
159 37
159 299
159 78
159 163
159 107
159 187
159 296
159 11
159 297
159 13
159 63
159 283
159 18
159 129
159 158
159 150
159 191
159 243
159 80
159 233
159 80
160 112
160 226
160 180
160 65
160 196
160 287
160 133
161 126
161 117
161 35
161 262
161 290
161 109
161 19
161 32
161 196
161 216
161 88
161 131
161 272
161 105
161 43
161 253
161 74
161 169
161 208
162 16
162 61
162 24
162 232
162 86
162 82
162 281
162 288
162 257
162 282
162 63
162 157
162 28
163 168
163 184
163 248
163 261
163 119
163 78
163 209
163 143
163 134
163 180
163 277
163 265
163 44
163 1
163 35
163 92
163 101
163 154
163 215
163 244
164 190
164 207
164 209
164 265
164 266
164 6
164 105
164 179
164 275
164 128
164 174
164 1
164 244
164 273
164 286
164 65
164 229
164 288
164 192
165 93
165 143
165 294
165 13
165 71
165 267
165 205
165 277
165 111
165 119
165 20
165 250
165 125
165 28
165 33
165 60
165 2
166 44
166 12
166 77
166 251
166 203
167 89
167 75
167 165
167 135
167 12
167 288
167 268
167 203
167 165
167 88
167 254
167 270
167 270
167 0
167 186
167 78
167 154
168 87
168 32
168 279
168 126
168 198
168 102
168 173
168 105
168 239
168 275
168 289
168 20
168 79
168 251
168 252
168 8
168 251
168 264
168 15
169 297
169 59
169 92
169 10
169 71
169 262
169 264
169 270
169 277
170 102
170 234
170 12
170 178
170 292
170 199
170 11
170 258
170 114
170 112
170 211
170 258
170 25
170 102
170 202
170 35
170 189
170 101
170 119
170 188
170 172
170 233
171 14
171 247
171 8
171 249
171 82
171 183
171 292
171 251
171 273
171 88
171 195
171 268
171 122
171 13
171 264
171 212
171 234
171 94
171 292
171 292
171 196
172 50
172 143
172 108
172 269
173 247
173 278
173 82
173 112
173 18
173 234
173 79
173 209
173 255
173 83
173 164
173 290
173 230
173 52
173 181
173 41
173 66
173 80
173 297
173 105
173 231
173 131
174 184
174 278
174 46
174 58
174 250
174 97
174 158
174 299
174 110
174 118
174 234
174 238
174 285
174 134
174 129
174 267
174 258
174 269
175 254
175 178
175 236
175 225
175 269
175 217
175 247
175 162
175 212
175 253
175 80
175 203
175 44
175 194
175 114
175 77
175 259
175 91
175 228
175 60
175 60
176 272
176 263
176 74
176 190
177 299
177 258
177 209
177 41
177 278
177 277
177 259
177 137
177 272
178 234
178 121
178 130
178 28
178 287
178 189
178 131
178 200
178 281
178 40
178 252
178 98
178 212
178 135
178 55
178 284
178 296
178 287
178 83
178 77
178 293
179 130
179 236
179 79
179 232
179 152
179 273
179 88
179 282
179 127
179 255
179 207
179 198
179 191
179 141
179 84
179 139
179 204
179 137
179 286
179 141
179 171
180 89
180 13
180 192
180 267
180 280
180 55
180 40
180 167
180 212
180 76
180 71
181 57
181 10
181 6
181 93
181 225
181 194
181 63
181 124
181 222
181 106
181 107
181 16
181 247
181 64
181 22
181 271
181 272
182 134
182 232
182 298
182 198
182 242
182 227
182 291
182 282
182 248
182 59
182 13
182 88
182 157
182 172
182 191
182 63
182 41
182 78
182 107
182 49
182 199
182 186
182 255
182 245
182 257
182 223
183 84
183 141
183 223
183 59
183 269
183 118
183 194
183 270
183 231
183 111
183 124
184 214
184 48
184 120
184 216
184 74
185 251
185 100
185 197
185 191
185 239
185 180
185 117
185 290
185 265
185 205
185 123
185 276
186 153
186 75
186 28
186 281
186 105
186 296
186 127
186 3
186 108
186 229
186 238
186 32
186 213
186 218
187 46
187 249
187 9
187 284
187 8
187 291
187 33
187 14
187 205
187 22
187 203
187 191
187 188
187 32
187 266
187 107
187 299
187 198
188 50
188 238
188 275
188 108
188 79
188 215
188 293
188 242
188 211
188 30
188 46
189 246
189 294
189 52
189 98
189 260
189 262
189 180
189 16
189 139
189 183
189 94
189 46
189 288
189 37
189 233
189 63
189 223
189 196
189 222
189 10
189 213
190 156
190 14
190 171
190 165
190 46
190 129
190 216
190 276
190 182
190 178
190 32
190 83
190 206
190 243
190 209
190 251
190 155
190 157
190 17
191 254
191 277
192 258
192 179
192 4
192 211
192 137
192 185
192 188
192 267
192 228
192 273
192 248
192 128
192 250
192 261
192 83
192 177
193 184
193 64
193 226
193 274
193 40
193 226
193 127
193 192
193 8
193 245
193 263
193 274
194 240
194 188
194 251
194 59
194 11
194 191
194 12
194 178
194 157
194 52
194 137
195 217
195 180
195 280
195 267
195 233
195 133
195 233
195 73
195 297
195 297
195 150
196 84
196 265
196 212
196 136
196 243
196 259
196 32
196 239
196 112
196 75
196 288
196 106
196 283
196 191
196 239
197 221
197 9
197 16
197 294
197 124
197 193
197 241
198 270
198 275
198 8
198 244
199 139
199 234
199 180
199 6
199 41
200 257
200 80
200 41
200 83
200 236
200 242
200 18
200 222
200 106
200 188
200 81
200 184
201 188
201 262
201 289
201 209
201 257
201 163
201 60
201 77
201 255
201 241
201 291
201 69
201 154
201 206
201 232
201 236
201 290
201 237
201 186
201 256
202 172
202 262
202 255
202 227
202 59
202 264
202 131
202 299
202 57
202 182
202 257
202 84
202 221
202 108
202 75
202 124
202 108
202 186
202 288
202 210
202 239
203 278
203 170
203 206
203 81
203 204
203 105
203 216
203 117
203 217
203 114
203 121
203 256
203 133
203 105
204 18
204 133
205 158
205 233
205 195
205 130
205 237
205 200
205 232
205 233
205 100
205 294
205 15
205 60
205 98
205 16
205 220
206 178
206 248
206 94
206 172
206 277
206 84
206 133
206 226
206 103
206 242
206 14
206 281
206 73
207 26
207 143
207 271
207 133
207 235
207 122
207 80
207 1
207 128
207 176
207 232
207 253
207 146
207 223
207 56
207 39
207 220
207 59
207 26
207 204
207 203
207 224
207 240
207 122
207 279
208 49
208 109
208 119
208 170
208 295
208 260
208 237
208 291
208 191
208 139
208 250
208 219
208 273
209 95
209 39
209 226
209 110
209 276
209 299
209 227
209 146
209 157
209 231
209 220
209 298
209 283
209 73
210 248
210 127
210 92
210 102
210 298
210 296
210 88
210 157
210 1
210 24
210 64
210 102
210 135
210 264
210 230
210 200
210 249
211 221
211 299
211 16
211 289
211 108
211 260
211 60
211 222
211 250
211 185
211 280
211 296
211 280
211 278
211 118
211 29
212 262
212 169
212 0
212 46
212 295
212 136
212 110
212 189
212 296
212 44
212 111
212 126
213 283
213 12
213 56
213 244
214 81
214 152
214 197
214 8
214 18
214 200
214 256
214 133
214 288
214 236
214 75
214 265
214 218
214 16
214 199
214 120
214 273
215 164
215 94
215 179
215 272
215 145
215 203
215 183
215 28
215 265
215 130
215 205
215 244
215 95
215 225
215 63
215 107
215 218
215 4
215 246
215 262
215 295
216 283
216 233
216 59
216 219
216 35
216 172
216 248
217 114
217 198
218 141
218 255
218 265
218 65
218 282
218 208
218 121
218 156
218 205
218 290
218 271
218 105
218 55
218 219
218 109
218 250
218 4
219 180
219 199
219 239
219 75
219 254
219 222
219 50
219 290
219 266
219 249
219 253
219 10
219 296
219 186
219 92
219 75
219 252
219 69
219 167
219 145
219 25
220 63
220 193
220 110
220 122
220 12
220 22
221 205
221 136
221 229
221 126
221 63
222 109
222 76
222 205
222 86
222 112
222 180
222 146
223 3
223 13
223 137
223 178
223 111
223 210
223 240
223 28
223 213
223 296
223 290
223 60
224 127
224 65
224 131
224 134
224 273
224 254
224 135
224 251
224 267
224 294
224 102
224 252
224 197
224 65
224 40
224 223
224 8
224 273
224 118
224 86
224 297
225 185
225 228
225 33
225 269
225 63
225 203
225 89
225 98
225 221
225 165
225 289
225 15
225 60
225 50
225 278
225 111
225 172
226 143
226 89
226 265
226 35
226 235
226 180
226 1
226 80
226 284
226 81
226 254
226 290
226 154
226 152
226 294
226 242
227 1
227 220
228 28
228 39
228 265
228 157
229 232
229 227
229 185
229 88
229 191
229 243
229 162
229 295
229 259
229 76
229 228
229 122
229 208
229 137
229 24
229 199
229 257
230 183
230 110
230 253
230 98
230 146
230 221
230 293
230 237
230 167
230 162
230 231
230 83
230 134
230 262
230 95
230 65
230 58
230 262
230 212
231 104
231 184
231 167
231 293
232 216
232 239
232 267
232 249
232 281
232 272
232 146
232 290
232 49
232 58
232 92
232 298
232 273
232 283
232 73
233 83
233 228
233 238
233 264
233 111
233 252
233 112
233 172
234 256
234 33
234 152
234 152
234 64
234 17
234 25
234 1
234 288
235 87
235 39
235 237
236 110
236 290
236 134
236 58
236 46
236 239
236 198
236 183
236 143
236 55
236 55
236 270
237 184
237 146
237 220
237 118
237 42
237 69
237 277
237 240
237 79
237 39
237 15
237 204
237 248
237 259
237 286
237 79
237 171
237 191
238 60
238 65
238 217
238 288
238 177
238 171
238 208
238 213
238 273
238 269
238 254
238 134
238 133
238 92
238 101
238 82
238 260
238 283
238 109
239 285
239 60
239 145
239 75
239 28
239 191
239 94
239 210
239 285
239 102
240 298
240 208
240 256
240 274
240 259
240 285
240 160
240 289
240 160
240 288
240 0
240 210
240 198
240 253
240 152
241 296
241 292
241 37
241 162
241 248
241 25
241 75
241 193
241 244
241 274
241 154
241 220
241 40
241 244
242 220
242 32
242 278
242 278
242 289
242 76
242 24
242 260
242 87
242 131
242 252
242 212
242 40
242 10
242 83
242 40
242 40
242 12
242 284
242 212
243 73
243 260
243 37
243 42
243 15
243 92
243 186
243 73
243 57
243 121
243 35
243 191
243 139
243 8
243 122
243 177
243 86
243 299
243 292
243 109
244 176
244 28
244 270
244 121
244 56
244 122
244 277
244 135
244 253
244 55
244 249
245 176
245 256
245 176
245 40
245 155
245 65
246 18
246 169
246 260
246 16
246 84
246 284
246 75
246 258
246 244
246 39
246 58
246 156
246 142
246 295
246 48
246 195
246 104
246 263
246 24
247 119
247 298
247 73
247 286
247 212
247 44
247 32
247 195
248 281
248 271
248 0
248 22
248 76
248 15
248 105
248 95
248 284
248 285
248 184
248 273
248 14
248 284
249 267
249 260
249 204
249 76
249 88
249 227
249 245
249 126
249 88
249 76
249 255
249 121
249 299
249 59
249 83
250 8
250 49
250 59
250 15
250 150
250 231
250 137
250 290
250 10
250 299
250 205
250 265
250 266
250 69
250 276
250 98
250 61
251 49
251 76
251 217
251 231
251 191
251 52
251 276
252 24
252 49
252 172
252 135
252 277
252 293
252 170
252 63
252 194
252 105
252 26
253 241
253 199
253 198
253 95
253 189
253 129
253 256
253 64
253 259
253 22
253 234
254 129
254 228
254 208
254 203
254 157
254 4
254 279
254 272
254 56
254 282
254 94
254 290
254 290
254 42
254 55
254 76
254 105
255 33
255 295
255 37
255 150
255 165
255 221
255 169
255 289
255 120
255 256
255 0
255 234
256 1
256 121
256 55
256 239
257 294
257 37
257 239
257 55
257 139
257 0
257 284
257 191
257 48
257 76
257 136
257 261
257 128
257 227
257 264
258 199
258 150
258 160
258 289
258 105
258 292
258 203
258 101
258 101
259 275
259 111
259 56
259 156
259 186
260 167
260 268
260 172
260 129
260 122
260 8
260 120
260 120
260 75
260 154
260 76
260 239
260 236
260 268
260 282
261 153
261 153
262 282
262 233
262 172
262 35
262 273
262 165
262 245
262 271
262 105
263 213
263 12
263 73
263 286
263 267
263 14
263 61
263 119
263 25
263 137
263 285
263 17
263 129
263 15
263 234
263 14
263 101
263 276
264 275
264 293
264 101
264 228
264 235
264 74
264 26
264 68
264 278
264 120
264 64
264 231
265 48
265 122
265 279
265 104
266 3
266 152
267 68
267 48
267 213
267 236
267 222
268 258
268 166
268 216
269 107
269 272
269 266
269 204
269 236
269 106
269 227
269 87
269 126
269 89
269 268
269 293
269 290
269 134
269 236
269 79
270 75
270 68
270 297
270 291
270 266
270 120
270 121
270 26
270 272
270 118
270 68
270 282
270 205
270 253
270 262
270 251
271 295
271 120
271 14
271 83
271 222
271 298
271 247
271 278
271 270
271 111
271 288
271 55
271 15
271 176
271 235
271 126
272 122
272 297
272 245
272 275
272 107
272 200
272 92
272 118
272 139
272 185
272 100
272 16
272 198
272 169
272 1
272 105
272 277
273 142
273 244
273 231
273 268
274 195
274 289
274 191
274 239
274 293
274 297
274 152
274 107
274 40
274 169
275 157
275 244
275 251
275 244
275 157
275 106
275 261
275 284
275 290
275 29
275 208
275 104
275 74
275 228
275 241
275 210
275 298
276 216
276 278
276 208
277 162
277 217
277 61
277 286
277 228
277 33
277 289
278 220
278 135
278 124
278 102
278 194
278 279
278 95
278 15
279 49
279 299
279 131
279 162
279 297
279 48
279 153
279 65
279 100
279 216
279 281
279 262
279 63
279 1
280 299
280 252
280 298
280 139
280 282
281 8
281 105
282 258
282 253
282 15
282 35
282 227
282 56
283 172
283 28
283 204
283 76
283 279
283 32
283 52
283 136
283 52
283 292
283 134
283 217
283 185
283 235
283 29
283 89
284 253
284 244
284 100
284 128
284 216
284 291
284 89
284 281
284 97
284 204
284 177
284 56
285 120
285 274
285 217
285 220
285 289
285 39
285 281
285 245
285 89
285 252
285 167
285 145
285 28
285 110
285 95
285 217
285 276
285 143
286 261
286 296
286 220
286 128
286 83
287 265
287 265
287 68
287 162
287 247
287 216
287 231
287 204
287 294
287 293
287 49
287 109
287 68
287 184
287 89
287 239
287 127
287 75
287 153
288 199
288 217
288 25
288 200
288 63
288 185
288 14
288 18
288 177
288 17
289 194
289 198
289 267
289 139
289 298
289 198
290 42
290 222
290 268
290 155
290 109
290 59
290 133
290 183
291 14
291 155
291 279
291 223
291 142
291 251
291 126
291 183
291 296
291 136
291 74
291 16
291 195
291 199
291 13
291 153
291 35
292 143
292 222
292 286
292 131
292 245
292 212
292 228
292 68
292 195
292 274
292 191
292 281
292 82
292 92
292 131
293 261
293 157
293 15
293 63
293 4
293 73
293 139
293 64
294 82
294 63
294 49
294 268
294 42
294 146
294 222
294 28
294 266
294 120
294 25
294 152
294 95
295 8
295 247
295 199
295 193
295 37
295 222
295 129
295 266
295 109
295 127
295 220
295 111
296 69
296 244
296 154
296 185
296 57
296 153
296 131
297 74
297 98
297 49
297 40
297 268
297 221
297 160
297 126
297 217
297 139
297 294
297 69
297 55
298 184
298 233
298 119
299 8
299 258
299 119
299 55
299 295
299 221
299 244
299 102
299 253
299 64
