100
0 76
0 46
0 8
0 33
0 39
0 30
0 98
0 50
0 97
0 61
0 38
0 9
0 89
0 19
0 78
0 80
1 63
1 56
1 1
1 98
1 78
1 4
1 60
1 5
1 26
1 76
1 41
1 3
1 92
1 64
1 48
1 89
1 51
1 13
2 13
2 40
2 83
2 78
2 41
2 0
2 53
2 71
2 20
2 90
2 11
3 46
3 87
3 5
3 28
3 39
3 77
3 16
3 15
3 26
3 68
4 68
4 70
4 39
4 57
4 3
4 65
4 74
4 85
4 6
4 64
5 96
5 66
5 1
5 21
5 47
5 46
5 79
5 33
5 53
6 70
7 67
7 30
7 84
7 64
7 81
7 54
7 69
7 49
7 74
7 28
7 39
7 61
8 14
8 20
8 56
8 54
9 13
9 72
9 56
9 86
9 18
9 39
9 0
10 27
10 66
10 93
10 48
10 40
10 9
10 3
10 76
11 45
11 95
11 80
11 55
11 28
11 16
11 61
11 31
11 4
11 43
11 60
11 94
11 23
11 37
11 75
12 26
12 54
12 29
12 50
12 76
12 21
12 87
12 33
12 30
12 81
12 77
12 3
12 74
12 53
13 13
13 45
13 50
13 28
13 51
13 61
13 42
13 81
13 17
13 66
13 8
13 86
13 77
13 87
13 22
13 27
13 90
13 97
13 83
14 26
14 32
14 55
15 82
15 31
15 87
15 34
15 84
15 97
15 47
16 3
16 55
16 13
16 51
16 81
16 48
16 12
16 79
16 54
16 68
17 50
17 84
17 9
17 54
17 18
17 51
17 30
17 15
17 38
17 89
17 91
17 39
17 69
17 81
17 42
17 40
17 52
17 75
17 21
17 0
18 37
18 61
18 71
18 12
18 11
18 35
18 80
19 19
19 17
19 1
19 36
19 76
19 61
19 35
19 37
19 70
20 69
20 20
20 12
20 37
20 87
20 60
20 49
20 8
20 61
20 91
20 13
20 29
20 9
20 86
20 59
20 98
20 28
20 81
20 26
21 33
21 50
21 21
21 52
21 57
21 0
21 85
21 37
21 91
21 14
21 48
22 76
22 21
22 70
22 85
22 62
22 74
22 65
22 99
22 16
22 42
23 83
24 72
25 89
25 52
25 19
26 34
26 70
26 53
26 68
26 16
26 64
26 77
26 4
27 59
27 32
27 19
28 21
28 74
28 90
28 91
28 51
28 34
28 33
28 71
28 14
28 32
28 79
29 98
29 24
29 78
29 63
29 19
29 58
30 99
30 91
30 21
30 50
30 83
30 65
30 34
30 25
30 57
30 10
30 85
30 1
31 75
31 38
31 87
31 12
31 58
31 74
31 44
31 4
31 76
31 41
31 18
31 22
31 47
31 39
31 6
31 1
31 49
32 23
32 83
32 99
32 44
32 18
33 50
33 34
33 21
33 17
33 69
33 20
33 52
33 97
33 92
33 6
33 79
33 90
33 8
33 31
33 2
33 33
33 98
34 45
34 61
34 84
34 82
34 88
34 62
34 77
34 13
34 81
34 72
34 35
34 75
34 91
34 95
35 59
35 57
35 50
35 62
35 21
35 36
35 39
35 60
35 27
35 10
35 1
35 13
35 45
35 76
35 8
35 90
35 48
36 14
36 62
36 58
36 84
36 29
36 21
36 13
36 81
36 53
36 19
36 95
36 48
36 55
36 25
36 10
36 28
36 71
36 85
37 38
37 18
37 49
37 0
37 81
37 98
37 4
37 35
37 41
38 19
38 44
38 86
38 30
38 26
38 34
38 87
38 56
38 37
38 33
38 20
38 94
38 28
38 36
38 1
38 66
38 13
39 8
39 18
40 42
40 41
40 5
40 28
40 6
40 52
40 4
40 66
40 24
40 48
40 76
40 30
40 12
40 92
40 58
40 70
40 39
40 61
41 18
41 0
41 72
41 97
41 21
41 6
41 27
41 44
41 58
41 5
41 77
41 34
41 89
41 57
41 95
41 42
41 91
41 25
41 11
41 80
42 52
42 12
42 32
42 38
42 94
42 62
42 74
42 64
42 58
43 19
43 95
43 67
43 78
44 46
44 23
44 57
44 64
44 55
44 74
44 76
44 59
44 66
44 45
44 69
44 56
44 95
44 67
44 34
44 88
45 28
45 61
46 80
46 4
46 93
46 40
46 5
46 62
46 65
46 82
46 32
46 77
46 24
46 15
46 14
46 97
46 34
46 81
46 55
47 49
47 60
47 16
47 65
47 24
47 80
47 79
47 0
47 46
47 66
47 86
47 99
47 12
47 9
47 72
47 70
47 61
48 47
48 34
48 86
48 99
48 50
49 12
49 19
49 3
49 67
50 72
50 26
50 41
50 32
50 42
50 46
50 82
51 82
51 70
51 6
51 75
51 35
51 51
51 77
51 74
51 58
51 62
51 81
51 20
51 46
52 60
52 24
52 84
52 59
52 40
52 43
52 76
52 74
52 77
52 29
52 80
53 58
53 98
53 82
53 18
53 71
53 67
53 41
53 8
53 89
53 20
53 79
53 64
53 84
53 70
53 66
53 28
53 80
53 51
53 16
53 78
54 28
54 77
54 16
54 65
54 70
55 56
55 34
55 66
55 42
55 22
55 32
55 10
55 39
56 50
56 29
56 94
56 22
56 78
56 39
57 33
57 23
57 54
57 41
57 28
57 45
57 59
57 57
58 68
58 20
58 74
58 5
58 83
58 14
58 55
58 87
58 40
58 97
58 65
58 17
58 66
59 9
59 8
59 44
59 46
60 91
60 28
60 67
60 81
60 87
60 56
60 60
61 73
61 14
61 85
61 64
61 4
61 65
61 56
61 48
61 67
61 9
62 72
62 75
62 28
62 99
62 53
62 15
62 22
62 63
62 97
62 3
62 68
62 54
62 10
62 86
62 61
62 18
63 76
63 93
63 19
63 3
63 77
63 35
63 68
63 69
64 79
64 99
64 60
64 67
64 25
64 44
64 5
64 78
64 92
64 3
64 68
65 90
65 50
65 0
65 61
65 42
66 85
66 0
66 7
66 38
66 54
66 99
66 46
66 1
66 96
67 77
67 69
67 50
68 39
68 10
68 87
68 56
68 12
68 18
68 92
68 94
68 76
68 19
69 45
69 91
69 97
70 44
70 85
70 21
70 30
70 47
70 53
70 4
70 68
70 26
70 86
70 39
70 43
71 61
71 75
71 63
71 71
71 81
71 66
71 95
71 11
71 83
71 14
71 4
71 67
71 12
71 98
71 62
71 45
71 92
72 23
72 93
72 54
72 64
72 21
72 4
72 88
72 85
73 22
74 99
74 45
74 74
74 87
74 82
75 31
75 66
75 12
75 65
75 39
75 53
75 62
76 77
76 69
76 97
76 60
76 9
76 38
76 15
76 91
76 73
76 63
76 42
76 88
76 80
76 8
76 11
76 92
76 89
76 75
76 39
76 66
77 41
77 30
77 61
77 24
77 7
77 21
77 89
77 69
78 23
78 50
78 71
78 14
78 33
78 74
78 40
78 73
78 85
78 81
78 47
79 28
79 77
79 43
79 45
79 41
79 92
79 64
80 20
80 78
80 29
80 37
80 23
81 84
81 34
81 36
81 37
81 4
81 96
81 10
81 15
82 96
82 34
82 26
82 67
82 84
82 14
82 66
82 72
82 37
82 92
82 54
82 6
83 11
83 83
84 86
84 50
84 99
84 84
84 70
84 20
85 63
86 60
86 77
86 81
86 19
86 96
86 33
87 15
87 30
87 63
87 83
87 24
87 82
87 65
87 51
87 61
88 60
88 67
88 86
88 45
88 0
88 6
88 4
88 85
88 66
88 19
88 95
88 17
88 87
88 51
88 75
89 91
89 46
89 98
89 67
89 86
89 85
89 77
89 6
89 41
89 14
89 44
89 47
89 31
89 42
89 3
89 48
89 51
90 30
90 57
90 31
90 69
91 64
91 33
92 24
92 22
92 5
92 27
92 11
92 84
92 37
92 0
92 51
92 44
92 55
92 91
92 53
92 69
92 99
92 60
92 92
93 3
93 49
93 24
93 4
93 41
93 32
93 10
93 76
93 91
93 43
93 80
93 48
93 89
93 55
93 99
93 87
93 2
93 47
94 2
94 12
94 52
94 41
94 36
94 23
94 59
94 44
94 94
95 63
95 1
95 60
95 80
96 66
96 15
97 30
97 12
97 63
97 29
97 57
97 78
97 17
97 72
97 98
97 46
97 89
97 69
97 92
97 11
97 80
97 79
97 88
98 83
98 94
98 55
99 37
99 16
99 6
99 59
99 92
99 96
99 7
99 67
99 68
99 82
99 4
99 47
99 38
99 99
99 39
99 61
99 64
